Webots Project File version R2019b
perspectives: 000000ff00000000fd000000020000000000000259000003d5fc0100000002fb0000001e00480074006d006c0052006f0062006f007400570069006e0064006f00770000000000000001440000000000000000fb0000001a0044006f00630075006d0065006e0074006100740069006f006e0000000000ffffffff0000006900ffffff0000000100000433000003d5fc0200000001fc00000016000003d5000000a80100001efa000000000100000002fb0000000e0043006f006e0073006f006c00650100000000ffffffff0000006900fffffffb0000001400540065007800740045006400690074006f00720100000480000002bd0000007500ffffff00000308000003d500000001000000020000000100000008fc00000000
simulationViewPerspectives: 000000ff0000000100000002000000000000038e0100000002010000000100
sceneTreePerspectives: 000000ff0000000100000002000000c0000000fa0100000002010000000200
maximizedDockId: -1
centralWidgetVisible: 1
selectionDisabled: 0
viewpointLocked: 0
orthographicViewHeight: 1
textFiles: 0 "protos/soccerrobot/SoccerRobot.proto"
renderingDevicePerspectives: referee:cam_b;0;0.451562;0;0
renderingDevicePerspectives: referee:cam_a;0;0.451562;0;0
